60
1
372
541
320
135
382
238
400
398
31
279
296
290
455
276
141
76
37
511
130
126
205
433
266
245
39
426
30
518
412
227
536
525
161
19
526
68
521
229
17
253
323
325
42
46
112
81
552
171
277
457
80
203
24
146
397
243
84
533
240
299
546
168
378
104
267
319
343
5
79
118
380
165
206
415
448
404
507
133
543
417
22
469
164
64
204
65
491
239
123
207
537
86
468
51
208
166
345
348
349
346
115
192
218
479
294
258
45
228
88
13
391
422
309
458
268
432
501
548
495
503
58
106
191
53
250
61
494
550
59
365
467
331
498
410
531
383
10
274
549
317
189
371
223
63
212
15
186
506
50
183
254
527
234
528
241
33
359
181
540
178
114
544
392
389
197
40
436
373
496
419
334
23
493
100
162
376
184
158
202
117
545
475
145
381
78
280
384
482
261
306
70
2
77
69
338
32
342
414
523
440
434
128
99
232
295
387
297
302
282
244
466
281
124
199
311
428
273
505
447
185
72
551
213
402
269
97
188
504
435
437
367
324
157
425
246
138
137
200
194
304
483
103
226
388
129
236
508
307
83
514
190
215
463
237
38
187
257
211
101
547
517
170
255
413
360
500
347
430
452
196
461
488
513
119
209
14
515
173
75
535
502
431
214
427
182
136
416
361
298
421
520
374
272
271
140
142
29
49
125
394
443
132
407
150
278
497
89
284
120
152
263
312
172
247
198
4
288
408
248
151
217
85
113
292
499
90
396
364
411
471
355
351
352
445
167
8
363
34
519
41
530
144
358
510
230
110
139
174
522
283
341
251
7
289
21
393
222
301
460
94
134
406
478
285
235
485
163
252
303
147
532
441
122
337
55
6
20
242
43
121
326
369
368
233
401
9
339
462
344
264
48
73
52
287
439
477
409
542
424
3
221
322
16
538
96
224
310
454
201
399
318
418
26
131
44
225
28
484
313
362
350
116
108
423
180
71
91
177
444
316
446
335
442
12
127
62
333
275
11
