335
299
427
330
400
51
318
163
505
310
479
286
421
320
24
123
59
509
301
446
545
296
264
408
441
440
549
248
17
77
324
65
359
268
328
200
281
190
92
379
255
182
89
124
216
414
492
289
56
341
303
246
27
312
28
174
329
55
360
49
175
23
485
423
208
197
143
448
68
31
459
80
260
213
33
449
121
412
546
366
386
534
552
145
95
161
245
409
64
415
406
439
169
201
476
503
355
547
11
10
21
196
521
283
353
32
388
25
416
529
73
541
262
373
468
354
105
99
426
96
102
43
483
511
456
417
162
86
471
252
540
522
331
52
455
292
164
377
350
531
225
486
362
332
118
288
71
19
463
241
53
188
313
113
433
4
302
507
464
284
499
473
111
18
523
125
513
94
530
234
285
411
206
311
257
79
220
383
279
317
76
304
144
278
103
48
222
26
224
5
258
109
357
434
85
515
438
91
1
293
347
239
504
345
261
451
518
266
325
450
436
154
15
138
452
173
254
321
122
510
176
276
319
150
232
191
70
517
223
442
46
69
156
82
314
63
101
502
37
371
185
287
465
543
493
358
418
478
391
67
119
149
93
84
219
116
228
472
8
322
398
367
280
29
142
133
263
273
259
435
481
368
9
183
437
290
0
134
271
170
474
61
146
309
548
352
229
78
235
539
50
308
236
168
419
66
115
194
338
497
81
100
376
152
390
126
467
139
538
395
444
550
291
72
227
551
477
374
249
210
151
404
104
195
346
526
469
397
137
514
337
42
159
147
389
211
453
482
429
516
491
131
135
181
512
307
496
187
127
387
532
193
218
342
243
35
500
215
74
36
179
54
256
424
62
413
140
178
148
250
544
361
339
47
370
305
160
401
461
242
447
372
470
60
402
475
351
130
87
83
230
244
177
519
333
488
520
466
107
315
45
212
203
392
233
253
41
327
432
365
38
487
205
97
237
458
108
44
405
110
265
528
166
323
117
75
420
221
340
240
384
501
445
403
231
106
407
536
16
295
343
