349
449
93
411
140
65
484
192
306
62
543
290
298
226
73
301
353
39
402
347
35
433
132
148
71
339
268
527
399
394
34
76
72
92
436
162
143
176
232
109
147
469
374
387
486
157
470
100
481
63
178
12
409
287
507
332
199
182
269
283
145
184
428
456
74
404
461
153
222
207
241
458
85
82
97
255
383
414
331
205
26
114
355
163
307
211
447
27
138
202
314
537
11
281
120
29
230
551
325
141
352
338
66
127
7
410
478
151
254
337
225
305
490
181
41
328
249
378
466
525
150
538
310
504
548
405
465
326
10
327
284
495
87
86
430
124
505
324
198
16
503
329
265
32
315
427
190
438
246
261
437
418
373
435
526
126
294
493
515
80
519
431
462
235
398
472
168
52
335
117
512
0
56
259
501
480
79
379
250
212
166
169
53
476
483
179
146
479
23
358
360
508
251
193
98
363
236
171
83
253
154
55
45
354
487
237
136
217
544
28
200
70
464
365
139
102
546
88
15
439
381
262
471
244
333
275
36
218
156
282
3
105
203
451
30
359
227
499
361
494
289
54
24
514
37
220
197
167
474
420
20
511
267
547
408
521
276
424
422
412
1
397
334
106
407
518
392
403
256
99
177
247
228
367
523
550
441
415
304
155
274
497
90
208
159
135
33
142
260
350
291
2
343
272
285
175
336
475
112
223
340
131
50
231
61
522
375
68
429
25
263
450
277
321
485
103
391
524
376
5
549
366
473
206
421
318
4
443
137
119
121
271
396
432
243
317
498
303
406
416
491
468
482
477
348
316
195
382
209
240
371
442
319
364
149
252
342
161
123
172
158
459
312
513
313
300
496
457
528
380
532
454
434
311
22
213
183
48
204
234
242
170
95
346
502
506
273
489
308
108
330
531
356
445
101
323
224
8
216
44
21
393
297
453
322
130
189
9
59
196
529
388
64
187
341
67
185
292
467
144
257
426
129
38
111
417
492
270
362
31
215
6
14
188
94
13
345
264
40
248
160
245
