160
6
75
451
218
519
306
446
379
254
34
228
198
286
491
17
16
299
172
239
408
148
382
57
399
64
155
35
403
416
165
0
97
270
510
244
448
460
158
224
103
18
156
278
539
92
366
40
498
189
8
255
127
179
274
10
125
24
271
506
391
496
431
38
50
405
74
109
51
335
492
66
298
229
272
421
422
114
476
55
291
454
494
275
12
479
420
25
234
173
375
178
406
49
542
487
204
328
552
33
334
395
149
347
163
468
525
201
82
437
192
231
497
284
1
243
478
76
94
62
216
79
318
91
417
341
502
410
538
457
401
190
463
21
184
280
485
482
512
183
329
425
342
296
69
108
330
200
414
490
232
394
171
529
339
444
325
452
130
453
336
205
402
290
88
386
215
162
535
28
443
3
440
367
282
235
36
281
195
208
548
47
547
177
153
480
287
99
43
307
501
212
477
46
400
269
484
441
90
107
500
13
505
237
248
220
511
106
219
470
118
308
520
230
331
516
300
467
246
113
128
169
359
356
213
424
14
376
30
95
385
85
197
372
363
514
65
276
86
474
551
15
202
5
302
429
252
27
247
258
524
466
370
174
11
486
350
31
262
340
44
533
67
521
203
100
96
438
211
461
426
301
217
344
489
136
58
116
37
449
102
409
442
137
180
210
151
377
187
456
418
527
144
427
338
450
207
140
214
369
326
221
509
360
98
332
481
507
537
471
242
465
119
52
517
351
19
209
129
145
323
475
139
141
132
393
260
337
110
71
368
241
105
295
357
222
263
390
313
432
266
175
233
135
240
304
223
73
345
459
371
293
264
469
397
251
61
488
531
316
32
546
227
273
381
530
124
315
522
413
384
436
540
9
122
534
185
4
68
20
462
265
181
7
523
81
392
133
536
455
473
256
199
305
191
188
419
60
131
42
380
87
267
143
117
464
365
550
387
84
439
435
346
182
138
157
310
111
2
59
423
495
194
161
532
314
499
89
319
407
378
515
388
268
134
349
104
164
261
159
277
327
