88
114
498
525
168
35
2
364
61
380
179
84
240
92
17
256
474
22
355
148
405
363
157
284
132
447
183
21
136
396
360
506
13
368
72
513
350
270
184
32
250
69
472
449
429
451
81
423
455
111
479
303
52
460
491
323
169
238
45
551
30
421
283
410
406
143
263
161
245
113
370
400
294
268
210
379
316
149
71
57
465
150
341
459
536
213
440
208
399
46
540
417
452
86
181
305
339
217
530
466
403
55
221
31
392
352
342
521
242
475
202
28
528
488
362
302
190
520
43
91
119
89
502
94
310
248
39
295
70
130
508
206
186
483
411
175
110
487
306
389
195
534
228
26
165
381
215
356
415
336
257
220
93
198
8
359
197
254
247
492
258
131
170
77
351
428
535
78
494
205
471
340
445
156
333
187
135
281
63
413
385
464
326
517
180
430
214
388
227
51
435
418
42
321
463
476
335
353
239
58
138
427
229
19
274
79
387
533
298
25
420
40
232
29
514
60
96
330
124
253
404
378
300
373
542
251
433
106
275
73
550
116
104
545
6
163
44
146
490
211
390
141
332
539
320
527
140
289
524
503
344
431
365
346
425
505
375
233
125
398
189
75
337
495
309
529
108
260
172
252
369
100
541
236
507
62
95
241
269
188
272
0
484
467
103
82
38
20
292
324
311
224
234
105
47
293
126
99
458
123
286
285
101
426
7
499
393
457
121
501
97
262
552
361
297
493
159
219
9
259
372
246
296
526
56
74
394
408
544
226
422
319
358
450
537
76
287
478
329
409
291
273
480
145
315
437
438
18
518
192
280
331
244
278
486
543
354
107
267
50
473
441
166
209
112
204
230
137
271
127
312
512
155
504
290
102
176
80
443
469
199
231
160
117
371
470
301
264
439
12
133
510
153
152
299
407
193
377
128
279
519
98
386
448
522
164
481
41
142
49
266
196
24
446
509
383
87
338
178
54
201
307
496
4
453
382
68
194
523
66
237
327
109
235
412
216
27
129
357
414
317
424
