134
76
316
404
309
152
51
421
489
97
355
255
249
276
364
185
324
183
65
412
358
219
189
234
252
62
405
492
370
307
229
242
444
280
376
394
269
443
202
371
16
104
442
24
193
128
214
268
338
300
532
4
217
508
10
95
502
339
130
506
274
231
67
498
360
462
377
431
438
320
267
148
136
182
259
172
93
137
486
146
165
470
82
484
180
48
6
187
518
87
476
485
308
98
42
90
395
347
504
454
471
318
257
477
157
143
237
540
460
43
173
9
45
411
144
166
509
26
186
170
536
159
155
279
391
230
367
69
361
400
429
117
541
528
122
167
13
401
105
507
289
70
215
49
3
1
125
227
72
220
281
447
329
133
246
468
457
373
271
340
273
256
210
188
396
235
497
524
393
435
109
216
450
306
64
126
294
30
333
464
120
465
291
480
33
275
356
272
406
22
102
304
552
212
359
439
38
89
381
58
7
341
448
56
8
74
386
424
245
236
335
131
328
116
34
61
348
142
366
423
39
286
512
420
233
413
314
475
337
467
472
310
408
469
397
81
390
11
66
239
108
513
223
127
46
353
321
510
73
296
511
521
5
36
434
302
537
149
191
124
312
547
151
177
287
121
282
240
478
285
226
422
197
451
55
481
432
156
351
493
499
332
91
150
298
118
487
77
25
68
199
402
473
490
174
545
515
31
169
283
123
29
530
433
270
445
456
171
368
527
349
440
398
35
14
207
369
205
107
452
162
80
139
357
119
446
534
194
466
375
385
535
449
336
495
354
382
103
278
27
201
40
463
195
129
380
83
168
546
343
516
526
238
203
44
543
399
410
544
175
111
198
425
92
218
344
529
548
372
158
342
28
295
277
192
482
141
531
161
520
154
184
63
12
222
319
50
147
258
297
208
60
266
20
461
428
100
17
196
262
243
436
384
392
483
334
263
459
551
179
352
225
138
301
292
94
19
132
525
317
550
206
418
164
494
75
458
0
379
415
293
18
416
403
417
538
190
85
322
15
204
253
84
