117
260
535
460
101
47
235
518
311
321
133
184
256
380
298
19
178
418
312
104
195
140
77
551
181
438
150
544
271
345
89
413
51
333
372
384
539
108
488
30
28
183
369
296
318
143
10
406
449
458
241
64
98
106
159
470
363
24
533
105
450
545
198
373
347
284
65
219
358
486
103
58
404
405
297
128
204
207
279
62
244
340
537
302
72
27
218
514
415
245
350
180
141
315
322
374
268
32
167
329
309
290
520
130
402
549
281
210
280
456
376
221
316
79
38
300
310
433
127
151
75
398
131
294
120
275
231
534
261
129
21
293
466
490
504
509
355
76
357
327
338
305
41
334
2
367
126
187
536
234
440
74
459
7
303
352
179
189
494
505
43
91
211
423
336
435
446
396
419
86
523
266
481
472
525
437
550
109
416
236
464
408
422
57
455
420
326
526
362
4
107
443
15
8
323
81
70
201
439
499
267
377
229
465
479
191
493
192
429
356
215
320
50
83
548
71
386
397
516
118
354
135
176
508
37
134
67
209
111
529
17
487
288
161
480
142
247
452
66
238
42
282
197
392
410
149
515
351
527
401
532
20
428
287
202
474
49
522
270
232
370
114
306
230
385
60
463
491
407
29
23
262
170
88
379
441
239
492
496
500
342
538
121
46
477
156
9
11
436
344
249
278
324
136
255
26
45
283
212
33
394
547
383
168
403
56
208
346
125
502
259
5
531
163
6
337
285
188
295
382
510
39
96
424
482
478
476
375
186
174
272
22
205
343
511
203
148
166
13
461
99
366
524
250
164
34
3
95
390
200
253
286
137
194
87
172
233
409
389
442
314
277
196
431
220
124
349
52
48
448
155
94
171
93
313
368
330
225
292
257
348
146
364
25
503
546
228
412
359
251
469
393
489
223
53
434
453
0
160
78
264
12
274
112
14
110
506
541
301
425
319
16
258
360
182
395
165
400
447
276
427
317
224
269
378
80
116
226
414
513
63
113
122
517
154
158
193
381
1
475
411
444
169
365
