139
388
544
17
172
280
275
142
209
434
87
257
510
27
401
283
1
88
203
385
91
159
146
72
138
425
67
228
25
152
44
380
201
269
118
552
218
347
498
382
158
148
248
298
86
34
270
113
396
459
73
221
503
291
261
2
297
309
116
534
165
528
344
393
524
288
104
488
462
469
546
405
40
89
62
65
98
489
276
197
192
134
374
156
483
523
301
444
6
542
370
372
131
179
226
115
322
3
217
499
244
97
530
229
475
437
299
379
16
330
168
76
421
45
284
92
262
423
21
410
312
454
239
99
84
458
311
389
286
518
395
417
102
278
206
436
186
249
477
411
331
472
183
491
314
521
205
354
529
136
78
394
441
315
129
166
463
39
343
7
316
381
0
185
19
47
52
360
327
474
252
266
420
476
321
120
445
181
522
281
241
255
384
467
122
63
26
519
126
413
446
292
265
43
512
367
214
141
191
207
371
174
211
465
378
29
233
204
140
137
100
200
109
151
222
305
106
404
526
83
18
470
107
353
550
387
457
15
169
258
30
505
504
153
259
346
493
302
548
391
536
237
242
125
5
178
455
215
357
426
264
194
398
155
193
250
439
216
303
335
135
93
41
456
473
161
495
231
339
532
177
282
450
361
363
289
238
399
163
517
199
46
478
33
364
376
351
304
234
240
254
232
4
383
75
60
317
57
490
31
105
545
70
59
180
377
308
82
263
95
539
480
58
325
511
468
64
432
403
375
296
506
90
543
202
293
412
96
433
400
173
333
349
144
54
366
56
485
10
358
431
515
415
345
484
336
245
273
198
294
162
50
145
170
482
300
32
111
290
340
49
414
110
373
418
213
37
449
121
176
132
438
80
501
386
128
402
407
481
184
466
272
479
355
246
319
324
525
112
313
460
256
549
338
150
274
551
527
143
279
348
119
397
243
307
285
66
124
295
453
494
461
235
416
160
443
48
497
171
427
329
430
212
277
352
224
81
323
14
175
535
108
547
157
448
85
306
61
154
225
79
538
320
23
