58
263
308
230
147
67
39
377
329
510
361
279
473
141
276
74
515
176
421
314
63
540
435
225
166
362
192
153
451
140
423
269
441
490
443
151
533
384
322
551
366
102
174
260
133
41
508
163
284
232
425
105
185
201
171
412
28
357
517
37
115
1
53
162
409
426
248
407
154
168
539
245
203
537
17
280
320
299
400
330
88
268
509
125
231
514
283
294
547
487
131
49
181
328
31
95
434
401
26
494
59
312
311
507
491
179
190
472
111
15
526
219
497
16
316
189
325
388
187
92
106
265
258
368
27
89
459
236
2
411
160
317
519
175
4
84
12
336
477
430
464
35
79
200
239
463
98
427
470
202
380
387
257
100
123
493
243
97
468
486
439
155
286
251
207
467
144
87
195
34
13
349
19
246
82
402
158
373
206
7
285
99
479
161
374
273
295
541
462
68
310
54
51
9
60
334
48
522
65
156
438
355
534
264
383
64
180
386
61
437
288
370
256
518
546
424
253
521
298
24
104
69
445
358
483
193
81
227
344
495
498
250
542
228
348
530
356
309
460
394
471
449
50
149
142
352
354
267
457
11
143
266
476
249
456
511
548
488
252
428
350
21
549
209
502
482
42
302
291
293
167
6
303
480
56
326
114
450
32
396
417
255
369
57
391
433
347
271
117
45
452
429
447
390
55
110
446
481
85
382
529
198
353
78
474
343
365
393
23
138
342
278
367
461
229
523
399
290
506
359
145
122
484
191
213
485
30
444
431
397
307
120
157
70
211
222
277
8
489
126
38
338
121
524
337
420
224
146
66
458
305
289
528
292
210
36
165
503
527
29
129
345
520
389
220
127
297
83
315
137
204
40
432
465
5
296
335
25
531
164
323
44
109
340
274
321
422
177
545
173
214
318
455
363
150
536
119
492
371
196
218
327
93
188
543
375
403
139
33
499
77
385
300
22
538
238
212
535
516
406
360
346
94
216
475
47
275
272
419
440
240
376
395
398
91
159
306
178
500
552
404
304
262
71
