14
100
66
186
132
75
187
45
23
145
302
495
320
94
301
476
451
544
528
286
332
87
336
207
16
341
256
61
374
497
111
326
444
248
65
461
43
59
77
231
335
437
27
448
219
514
0
285
60
7
97
250
10
498
179
400
290
467
40
306
139
464
319
118
483
337
84
140
191
472
239
218
163
205
283
312
153
204
41
95
384
107
471
375
184
412
366
263
485
235
276
262
334
162
347
36
369
143
428
409
310
314
30
255
333
101
449
417
172
55
539
353
361
377
382
442
296
12
536
552
182
270
343
385
473
214
222
342
247
436
425
173
508
370
331
51
280
5
138
547
350
352
96
274
373
447
194
259
424
426
104
388
446
392
195
21
535
512
19
339
383
493
103
545
68
44
463
98
54
299
294
62
212
364
272
92
484
293
546
90
230
227
149
189
387
358
500
477
13
224
507
174
440
232
71
454
78
42
489
53
108
416
450
221
203
348
527
410
15
258
109
158
226
266
403
501
394
525
156
178
318
518
168
210
171
242
48
378
517
124
144
241
397
445
211
496
20
120
490
344
233
80
349
315
64
113
391
128
122
110
509
83
89
114
159
249
506
86
271
479
147
330
9
252
37
35
488
458
289
465
22
281
408
354
216
494
329
246
430
389
395
321
135
531
99
229
491
311
116
73
223
433
345
292
478
452
291
115
183
422
537
305
6
381
225
504
438
427
532
363
196
49
209
151
380
260
523
460
154
117
142
420
466
513
157
228
257
325
482
522
130
188
181
543
200
155
414
322
459
323
300
304
510
33
462
407
468
165
542
443
492
217
102
192
67
534
365
487
26
526
74
453
324
288
371
379
455
316
434
160
141
18
126
17
298
127
267
357
340
346
372
429
277
125
240
46
441
419
386
47
253
456
359
198
234
432
3
393
70
201
404
405
146
309
245
295
148
538
282
398
529
502
423
530
521
85
313
540
63
91
24
399
308
166
69
123
265
273
418
415
72
505
284
402
327
474
112
469
435
401
152
133
303
549
